002.09653385 +29.09082837  2.0371
002.29204030 +59.15021806  2.3579
003.30895847 +15.18361610  2.7544
006.41334187 -77.25503494  2.9305
006.57028160 -42.30512119  2.5512
009.83165586 +30.86122597  3.4328
010.12661350 +56.53740925  2.4107
010.89678447 -17.98668407  2.2061
014.17708782 +60.71674955  2.1379
016.52128448 -46.71849569  3.4646
017.43249023 +35.62083036  2.1741
021.45251246 +60.23540367  2.7146
024.42813208 -57.23665985  0.4233
028.59868112 +63.67014682  3.3107
028.65978905 +20.80829983  2.7044
029.69113173 -61.56992473  2.9305
030.97466207 +42.32984825  2.2409
031.79285751 +23.46277747  2.1726
032.38550383 +34.98739210  3.0625
037.94614300 +89.26413778  2.1077
044.56548212 -40.30473465  2.9378
045.56991317 +04.08992556  2.6196
046.19912600 +53.50645015  3.0586
046.29373783 +38.84053310  3.2889
047.04220893 +40.95565071  2.0969
051.08061917 +49.86124305  1.8972
055.73117520 +47.78765317  2.9703
056.80929757 -74.23924238  3.3420
056.87110081 +24.10524179  2.8480
058.53299380 +31.88365779  2.8980
059.46342225 +40.01027312  2.8348
059.50720838 -13.50824446  3.0703
060.17008546 +12.49037559  3.3774
063.60596318 -62.47397892  3.4953
067.16531227 +15.87094681  3.4597
068.49882662 -55.04500553  3.2372
068.98000194 +16.50976158  1.0024
072.45890914 +06.96124728  3.2862
074.24840149 +33.16613574  2.8337
075.49222145 +43.82331367  3.1457
076.36521684 -22.37085672  3.3215
076.62862074 +41.23464072  3.1160
076.96264165 -05.08626273  2.8258
078.23280447 -16.20542920  3.2528
078.63446385 -08.20163958  0.1930
079.17206466 +45.99902905  0.2385
081.11923807 -02.39713913  3.2919
081.28278339 +06.34973457  1.5493
081.57290832 +28.60787362  1.6151
082.06135954 -20.75923200  2.9674
083.00166550 -00.29909343  2.1361
083.18255807 -17.82229214  2.6426
083.78449086 +09.93416302  3.3298
083.85825448 -05.90989986  2.6706
084.05338544 -01.20191724  1.6235
084.41118462 +21.14259289  2.9184
084.91224966 -34.07404939  2.6124
085.18968667 -01.94257852  1.6812
086.93911657 -09.66960181  2.0065
087.73980343 -35.76929221  3.2833
088.79287149 +07.40703653  0.4997
089.88237269 +44.94743488  1.9038
089.93015902 +37.21276398  2.6103
093.71956913 +22.50682380  3.2945
095.07827961 -30.06337653  2.9524
095.67494722 -17.95591681  1.8911
095.73996356 +22.51385018  2.9141
095.98787790 -52.69571787 -0.5536
099.42792544 +16.39941401  1.9290
099.44029877 -43.19592397  3.1395
100.98304103 +25.13115545  3.1915
101.28854105 -16.71314306 -1.0876
101.32263990 +12.89605512  3.4417
102.04807108 -61.94197967  3.3114
102.46027267 -32.50848753  3.4644
102.48390363 -50.61439971  3.1077
104.65644415 -28.97208939  1.4160
105.75613968 -23.83330108  3.0050
107.09785868 -26.39320762  1.9628
109.28568388 -37.09748688  2.8296
111.02377104 -29.30311963  2.4215
111.78780104 +08.28940883  2.8546
112.30782593 -43.30189094  3.3757
113.65001968 +31.88863511  1.5811
114.82724202 +05.22750758  0.4607
116.33068294 +28.02631022  1.2947
119.19475736 -52.98240068  3.3939
120.89612568 -40.00318834  2.1364
121.88625905 -24.30443679  2.9157
122.38314733 -47.33661168  1.7034
125.62860249 -59.50953781  1.9996
131.17582214 -54.70856805  1.9511
133.84868675 +05.94552781  3.2803
134.80349431 +48.04234950  3.1880
136.99907150 -43.43262377  2.3385
137.74210507 -58.96693013  3.3666
138.30100317 -69.71747241  1.6625
139.27261829 -59.27526115  2.2822
140.26441179 +34.39252548  3.2520
140.52845503 -55.01069513  2.4131
141.89688204 -08.65868307  2.1350
142.80564082 -57.03439143  3.2811
143.21802163 +51.67860217  3.2770
146.46292656 +23.77427817  3.1168
146.77557344 -65.07201887  3.0186
152.09358042 +11.96719519  1.3232
153.43449551 -70.03792176  3.2783
154.27469481 +42.91446775  3.4586
154.99234103 +19.84186021  2.1684
155.58251341 +41.49943330  3.1544
158.00618286 -61.68536026  3.3225
160.73927812 -64.39447946  2.6536
161.69217532 -49.42012503  2.8299
162.40596684 -16.19413227  3.2707
165.45996142 +56.38234469  2.3499
165.93265337 +61.75111903  1.9519
167.41608083 +44.49855330  3.1638
168.52671705 +20.52403382  2.5932
168.56017066 +15.42976284  3.3288
173.94553439 -63.01982482  3.1068
177.26615960 +14.57233678  2.1605
178.45725512 +53.69473297  2.4286
182.08976522 -50.72240992  2.5241
182.53135799 -22.61979213  3.1761
183.78648746 -58.74890175  2.7066
183.85603762 +57.03259770  3.3353
183.95194935 -17.54198359  2.5477
186.64975588 -63.09905674  0.6739
187.46659681 -16.51509405  2.9449
187.79137201 -57.11256917  1.6299
188.59680889 -23.39662293  2.8099
189.29618221 -69.13553368  2.6109
190.38002117 -48.95988559  2.1460
190.41667567 -01.44952191  2.8213
191.57029068 -68.10809406  2.9789
191.93049350 -59.68873267  1.1537
193.50680405 +55.95984299  1.7545
193.90201354 +03.39759875  3.4405
194.00767083 +38.31824601  2.8471
195.54483555 +10.95910189  2.9980
199.73022254 -23.17141256  3.1521
200.15027327 -36.71208083  2.7717
200.98091528 +54.92541509  2.2540
201.29835228 -11.16124494  0.8891
203.67397824 -00.59593830  3.4147
204.97196970 -53.46636266  2.2097
206.88560910 +49.31330297  1.7994
207.37623896 -41.68765986  3.3237
207.40419920 -42.47368514  3.3969
208.67131829 +18.39858670  2.7957
208.88514577 -47.28826623  2.4419
210.95601920 -60.37297887  0.5366
211.59278732 -26.68201863  3.4187
211.67218593 -36.36869558  2.2226
213.91811408 +19.18727046  0.1114
214.85096980 -46.05808389  3.4849
218.01982423 +38.30788378  3.0980
218.87688121 -42.15774569  2.2729
219.91412460 -60.83948046  1.2429
219.92040813 -60.83514522  0.1373
220.48239095 -47.38814121  2.2296
220.62785450 -64.97456951  3.2465
221.24687848 +27.07417376  2.5167
222.67664780 +74.15547618  2.2044
222.71990516 -16.04161027  2.7892
224.63314152 -43.13386704  2.5982
224.79041163 -42.10414165  3.0671
226.01775826 -25.28185595  3.3093
229.25196592 -09.38286665  2.5739
229.72787002 -68.67946740  2.8816
230.18228839 +71.83397304  3.0449
230.34306943 -40.64745903  3.1417
230.67036256 -44.68956931  3.3138
231.23243369 +58.96602361  3.4638
233.67162276 +26.71491051  2.2210
233.78525188 -41.16669506  2.7000
236.06664895 +06.42551977  2.7971
238.78670046 -63.42974982  2.9075
239.71300274 -26.11404273  2.8274
240.03058533 -38.39664104  3.3398
240.08338223 -22.62162036  2.2617
241.35931336 -19.80539435  2.5940
243.58652632 -03.69397565  2.8283
244.58017054 -04.69260821  3.3887
245.29717737 -25.59275251  2.9227
245.99794481 +61.51407545  2.8717
247.35194829 -26.43194598  0.9757
247.55525710 +21.48964873  2.9378
248.97066417 -28.21596160  2.7374
249.28970833 -10.56715177  2.5708
250.32282140 +31.60188678  2.9338
252.16610734 -69.02763509  2.0711
252.54268726 -34.29260943  2.4532
252.96766230 -38.04732677  2.9245
253.08397305 -38.01747827  3.4829
254.41779403 +09.37505651  3.3612
254.65512805 -55.99005540  3.2393
257.19677058 +65.71463661  3.1359
257.59442738 -15.72514768  2.4393
258.03823358 -43.23849048  3.4149
258.66192746 +14.39025294  2.9137
258.75801747 +24.83958730  3.1501
258.76189269 +36.80915546  3.3121
260.50243371 -24.99948819  3.1931
261.32498802 -55.52982387  2.9935
261.34858239 -56.37768800  3.2710
262.60823689 +52.30135886  2.9466
262.69099525 -37.29574034  2.6043
262.96050685 -49.87598163  2.7869
263.40219318 -37.10374869  1.5244
263.73335361 +12.56057593  2.1262
264.32968931 -42.99782041  1.9269
265.62199893 -39.02992100  2.3164
265.86823710 +04.56691702  2.9279
266.89617134 -40.12698187  3.1092
267.46437979 -37.04337108  3.3521
269.15157428 +51.48895101  2.3617
269.75665635 -09.77334967  3.4871
271.45218573 -30.42365016  3.1356
274.40720579 -36.76128110  3.1512
275.24842359 -29.82803949  2.8654
275.32883536 -02.89712199  3.3995
276.04310945 -34.38431461  1.7986
276.74345944 -45.96832923  3.4234
276.99279012 -25.42124724  2.9838
279.23410825 +38.78299326  0.0868
281.41397072 -26.99077920  3.1339
283.81631936 -26.29659425  2.0095
284.73593565 +32.68955294  3.2342
285.65301241 -29.88011461  2.6212
286.35255155 +13.86370954  2.9935
286.56229133 -04.88233451  3.4026
286.73517625 -27.66981476  3.4689
287.44097407 -21.02352539  2.9664
288.13814594 +67.66131702  3.2296
291.37396955 +03.11457893  3.4408
292.68035521 +27.95969502  3.2177
296.24350876 +45.13069175  2.8683
296.56487586 +10.61326857  2.8695
297.69450819 +08.86738473  0.8273
302.82610296 -00.82147572  3.2245
305.25269233 -14.78140101  3.2104
305.55708337 +40.25668137  2.3548
306.41187379 -56.73488065  1.8583
309.39162358 -47.29166243  3.2707
310.35797281 +45.28033431  1.2966
311.23981532 -66.20323826  3.4733
311.55180082 +33.96945339  2.6429
318.23408975 +30.22708125  3.3743
319.64408995 +62.58545515  2.5141
322.16489530 +70.56069480  3.1438
322.88966964 -05.57115560  3.0404
326.04641750 +09.87500758  2.5460
326.75952220 -16.12656594  2.9409
328.48189257 -37.36482314  2.9763
331.44593869 -00.31982628  3.1080
332.05781852 -46.96061595  1.6983
334.62574143 -60.25949478  3.0103
340.36531190 +10.83139097  3.3887
340.66639547 -46.88456580  2.0699
340.75053559 +30.22130744  3.0897
343.66266392 -15.82075950  3.2964
344.41177299 -29.62183680  1.1808
345.94305579 +28.08245431  2.4861
346.19007056 +15.20536753  2.4784
354.83742562 +77.63196666  3.3767